0.000   0.000000   0.000000   0.000009   0.000000   0.000000   0.001818   0.000000   0.000000   0.000000   0.000000   0.000000   0.000000
0.010   0.000000   0.000000   0.000036   0.000000   0.000000   0.003636   0.000000   0.000000   0.000000   0.000000   0.000000   0.000000
0.020   0.000000   0.000000   0.000082   0.000000   0.000000   0.005455   0.000000   0.000000   0.000000   0.000000   0.000000   0.000000
0.030   0.000000   0.000000   0.000145   0.000000   0.000000   0.007273   0.000000   0.000000   0.000000   0.000000   0.000000   0.000000
0.040   0.000000   0.000000   0.000227   0.000000   0.000000   0.009091   0.000000   0.000000   0.000000   0.000000   0.000000   0.000000
0.050   0.000000   0.000000   0.000327   0.000000   0.000000   0.010909   0.000000   0.000000   0.000000   0.000000   0.000000   0.000000
0.060   0.000000   0.000000   0.000445   0.000000   0.000000   0.012727   0.000000   0.000000   0.000000   0.000000   0.000000   0.000000
0.070   0.000000   0.000000   0.000582   0.000000   0.000000   0.014545   0.000000   0.000000   0.000000   0.000000   0.000000   0.000000
0.080   0.000000   0.000000   0.000736   0.000000   0.000000   0.016364   0.000000   0.000000   0.000000   0.000000   0.000000   0.000000
0.090   0.000000   0.000000   0.000909   0.000000   0.000000   0.018182   0.000000   0.000000   0.000000   0.000000   0.000000   0.000000
0.100   0.000000   0.000000   0.001100   0.000000   0.000000   0.020000   0.000000   0.000000   0.000000   0.000000   0.000000   0.000000
0.110   0.000000   0.000000   0.001309   0.000000   0.000000   0.021818   0.000000   0.000000   0.000000   0.000000   0.000000   0.000000
0.120   0.000000   0.000000   0.001536   0.000000   0.000000   0.023636   0.000000   0.000000   0.000000   0.000000   0.000000   0.000000
0.130   0.000000   0.000000   0.001782   0.000000   0.000000   0.025455   0.000000   0.000000   0.000000   0.000000   0.000000   0.000000
0.140   0.000000   0.000000   0.002045   0.000000   0.000000   0.027273   0.000000   0.000000   0.000000   0.000000   0.000000   0.000000
0.150   0.000000   0.000000   0.002327   0.000000   0.000000   0.029091   0.000000   0.000000   0.000000   0.000000   0.000000   0.000000
0.160   0.000000   0.000000   0.002627   0.000000   0.000000   0.030909   0.000000   0.000000   0.000000   0.000000   0.000000   0.000000
0.170   0.000000   0.000000   0.002945   0.000000   0.000000   0.032727   0.000000   0.000000   0.000000   0.000000   0.000000   0.000000
0.180   0.000000   0.000000   0.003282   0.000000   0.000000   0.034545   0.000000   0.000000   0.000000   0.000000   0.000000   0.000000
0.190   0.000000   0.000000   0.003636   0.000000   0.000000   0.036364   0.000000   0.000000   0.000000   0.000000   0.000000   0.000000
0.200   0.000000   0.000000   0.004009   0.000000   0.000000   0.038182   0.000000   0.000000   0.000000   0.000000   0.000000   0.000000
0.210   0.000000   0.000000   0.004400   0.000000   0.000000   0.040000   0.000000   0.000000   0.000000   0.000000   0.000000   0.000000
0.220   0.000000   0.000000   0.004809   0.000000   0.000000   0.041818   0.000000   0.000000   0.000000   0.000000   0.000000   0.000000
0.230   0.000000   0.000000   0.005236   0.000000   0.000000   0.043636   0.000000   0.000000   0.000000   0.000000   0.000000   0.000000
0.240   0.000000   0.000000   0.005682   0.000000   0.000000   0.045455   0.000000   0.000000   0.000000   0.000000   0.000000   0.000000
0.250   0.000000   0.000000   0.006145   0.000000   0.000000   0.047273   0.000000   0.000000   0.000000   0.000000   0.000000   0.000000
0.260   0.000000   0.000000   0.006627   0.000000   0.000000   0.049091   0.000000   0.000000   0.000000   0.000000   0.000000   0.000000
0.270   0.000000   0.000000   0.007127   0.000000   0.000000   0.050909   0.000000   0.000000   0.000000   0.000000   0.000000   0.000000
0.280   0.000000   0.000000   0.007645   0.000000   0.000000   0.052727   0.000000   0.000000   0.000000   0.000000   0.000000   0.000000
0.290   0.000000   0.000000   0.008182   0.000000   0.000000   0.054545   0.000000   0.000000   0.000000   0.000000   0.000000   0.000000
0.300   0.000000   0.000000   0.008736   0.000000   0.000000   0.056364   0.000000   0.000000   0.000000   0.000000   0.000000   0.000000
0.310   0.000000   0.000000   0.009309   0.000000   0.000000   0.058182   0.000000   0.000000   0.000000   0.000000   0.000000   0.000000
0.320   0.000000   0.000000   0.009900   0.000000   0.000000   0.060000   0.000000   0.000000   0.000000   0.000000   0.000000   0.000000
0.330   0.000000   0.000000   0.010509   0.000000   0.000000   0.061818   0.000000   0.000000   0.000000   0.000000   0.000000   0.000000
0.340   0.000000   0.000000   0.011136   0.000000   0.000000   0.063636   0.000000   0.000000   0.000000   0.000000   0.000000   0.000000
0.350   0.000000   0.000000   0.011782   0.000000   0.000000   0.065455   0.000000   0.000000   0.000000   0.000000   0.000000   0.000000
0.360   0.000000   0.000000   0.012445   0.000000   0.000000   0.067273   0.000000   0.000000   0.000000   0.000000   0.000000   0.000000
0.370   0.000000   0.000000   0.013127   0.000000   0.000000   0.069091   0.000000   0.000000   0.000000   0.000000   0.000000   0.000000
0.380   0.000000   0.000000   0.013827   0.000000   0.000000   0.070909   0.000000   0.000000   0.000000   0.000000   0.000000   0.000000
0.390   0.000000   0.000000   0.014545   0.000000   0.000000   0.072727   0.000000   0.000000   0.000000   0.000000   0.000000   0.000000
0.400   0.000000   0.000000   0.015282   0.000000   0.000000   0.074545   0.000000   0.000000   0.000000   0.000000   0.000000   0.000000
0.410   0.000000   0.000000   0.016036   0.000000   0.000000   0.076364   0.000000   0.000000   0.000000   0.000000   0.000000   0.000000
0.420   0.000000   0.000000   0.016809   0.000000   0.000000   0.078182   0.000000   0.000000   0.000000   0.000000   0.000000   0.000000
0.430   0.000000   0.000000   0.017600   0.000000   0.000000   0.080000   0.000000   0.000000   0.000000   0.000000   0.000000   0.000000
0.440   0.000000   0.000000   0.018409   0.000000   0.000000   0.081818   0.000000   0.000000   0.000000   0.000000   0.000000   0.000000
0.450   0.000000   0.000000   0.019236   0.000000   0.000000   0.083636   0.000000   0.000000   0.000000   0.000000   0.000000   0.000000
0.460   0.000000   0.000000   0.020082   0.000000   0.000000   0.085454   0.000000   0.000000   0.000000   0.000000   0.000000   0.000000
0.470   0.000000   0.000000   0.020945   0.000000   0.000000   0.087273   0.000000   0.000000   0.000000   0.000000   0.000000   0.000000
0.480   0.000000   0.000000   0.021827   0.000000   0.000000   0.089091   0.000000   0.000000   0.000000   0.000000   0.000000   0.000000
0.490   0.000000   0.000000   0.022727   0.000000   0.000000   0.090909   0.000000   0.000000   0.000000   0.000000   0.000000   0.000000
0.500   0.000000   0.000000   0.023645   0.000000   0.000000   0.092727   0.000000   0.000000   0.000000   0.000000   0.000000   0.000000
0.510   0.000000   0.000000   0.024582   0.000000   0.000000   0.094545   0.000000   0.000000   0.000000   0.000000   0.000000   0.000000
0.520   0.000000   0.000000   0.025536   0.000000   0.000000   0.096364   0.000000   0.000000   0.000000   0.000000   0.000000   0.000000
0.530   0.000000   0.000000   0.026509   0.000000   0.000000   0.098182   0.000000   0.000000   0.000000   0.000000   0.000000   0.000000
0.540   0.000000   0.000000   0.027500   0.000000   0.000000   0.100000   0.000000   0.000000   0.000000   0.000000   0.000000   0.000000
0.550   0.000000   0.000000   0.028509   0.000000   0.000000   0.101818   0.000000   0.000000   0.000000   0.000000   0.000000   0.000000
0.560   0.000000   0.000000   0.029536   0.000000   0.000000   0.103636   0.000000   0.000000   0.000000   0.000000   0.000000   0.000000
0.570   0.000000   0.000000   0.030582   0.000000   0.000000   0.105454   0.000000   0.000000   0.000000   0.000000   0.000000   0.000000
0.580   0.000000   0.000000   0.031645   0.000000   0.000000   0.107273   0.000000   0.000000   0.000000   0.000000   0.000000   0.000000
0.590   0.000000   0.000000   0.032727   0.000000   0.000000   0.109091   0.000000   0.000000   0.000000   0.000000   0.000000   0.000000
0.600   0.000000   0.000000   0.033827   0.000000   0.000000   0.110909   0.000000   0.000000   0.000000   0.000000   0.000000   0.000000
0.610   0.000000   0.000000   0.034945   0.000000   0.000000   0.112727   0.000000   0.000000   0.000000   0.000000   0.000000   0.000000
0.620   0.000000   0.000000   0.036082   0.000000   0.000000   0.114545   0.000000   0.000000   0.000000   0.000000   0.000000   0.000000
0.630   0.000000   0.000000   0.037236   0.000000   0.000000   0.116364   0.000000   0.000000   0.000000   0.000000   0.000000   0.000000
0.640   0.000000   0.000000   0.038409   0.000000   0.000000   0.118182   0.000000   0.000000   0.000000   0.000000   0.000000   0.000000
0.650   0.000000   0.000000   0.039600   0.000000   0.000000   0.120000   0.000000   0.000000   0.000000   0.000000   0.000000   0.000000
0.660   0.000000   0.000000   0.040809   0.000000   0.000000   0.121818   0.000000   0.000000   0.000000   0.000000   0.000000   0.000000
0.670   0.000000   0.000000   0.042036   0.000000   0.000000   0.123636   0.000000   0.000000   0.000000   0.000000   0.000000   0.000000
0.680   0.000000   0.000000   0.043282   0.000000   0.000000   0.125454   0.000000   0.000000   0.000000   0.000000   0.000000   0.000000
0.690   0.000000   0.000000   0.044545   0.000000   0.000000   0.127273   0.000000   0.000000   0.000000   0.000000   0.000000   0.000000
0.700   0.000000   0.000000   0.045827   0.000000   0.000000   0.129091   0.000000   0.000000   0.000000   0.000000   0.000000   0.000000
0.710   0.000000   0.000000   0.047127   0.000000   0.000000   0.130909   0.000000   0.000000   0.000000   0.000000   0.000000   0.000000
0.720   0.000000   0.000000   0.048445   0.000000   0.000000   0.132727   0.000000   0.000000   0.000000   0.000000   0.000000   0.000000
0.730   0.000000   0.000000   0.049782   0.000000   0.000000   0.134545   0.000000   0.000000   0.000000   0.000000   0.000000   0.000000
0.740   0.000000   0.000000   0.051136   0.000000   0.000000   0.136364   0.000000   0.000000   0.000000   0.000000   0.000000   0.000000
0.750   0.000000   0.000000   0.052509   0.000000   0.000000   0.138182   0.000000   0.000000   0.000000   0.000000   0.000000   0.000000
0.760   0.000000   0.000000   0.053900   0.000000   0.000000   0.140000   0.000000   0.000000   0.000000   0.000000   0.000000   0.000000
0.770   0.000000   0.000000   0.055309   0.000000   0.000000   0.141818   0.000000   0.000000   0.000000   0.000000   0.000000   0.000000
0.780   0.000000   0.000000   0.056736   0.000000   0.000000   0.143636   0.000000   0.000000   0.000000   0.000000   0.000000   0.000000
0.790   0.000000   0.000000   0.058182   0.000000   0.000000   0.145454   0.000000   0.000000   0.000000   0.000000   0.000000   0.000000
0.800   0.000000   0.000000   0.059645   0.000000   0.000000   0.147273   0.000000   0.000000   0.000000   0.000000   0.000000   0.000000
0.810   0.000000   0.000000   0.061127   0.000000   0.000000   0.149091   0.000000   0.000000   0.000000   0.000000   0.000000   0.000000
0.820   0.000000   0.000000   0.062627   0.000000   0.000000   0.150909   0.000000   0.000000   0.000000   0.000000   0.000000   0.000000
0.830   0.000000   0.000000   0.064145   0.000000   0.000000   0.152727   0.000000   0.000000   0.000000   0.000000   0.000000   0.000000
0.840   0.000000   0.000000   0.065682   0.000000   0.000000   0.154545   0.000000   0.000000   0.000000   0.000000   0.000000   0.000000
0.850   0.000000   0.000000   0.067236   0.000000   0.000000   0.156364   0.000000   0.000000   0.000000   0.000000   0.000000   0.000000
0.860   0.000000   0.000000   0.068809   0.000000   0.000000   0.158182   0.000000   0.000000   0.000000   0.000000   0.000000   0.000000
0.870   0.000000   0.000000   0.070400   0.000000   0.000000   0.160000   0.000000   0.000000   0.000000   0.000000   0.000000   0.000000
0.880   0.000000   0.000000   0.072009   0.000000   0.000000   0.161818   0.000000   0.000000   0.000000   0.000000   0.000000   0.000000
0.890   0.000000   0.000000   0.073636   0.000000   0.000000   0.163636   0.000000   0.000000   0.000000   0.000000   0.000000   0.000000
0.900   0.000000   0.000000   0.075282   0.000000   0.000000   0.165454   0.000000   0.000000   0.000000   0.000000   0.000000   0.000000
0.910   0.000000   0.000000   0.076945   0.000000   0.000000   0.167273   0.000000   0.000000   0.000000   0.000000   0.000000   0.000000
0.920   0.000000   0.000000   0.078627   0.000000   0.000000   0.169091   0.000000   0.000000   0.000000   0.000000   0.000000   0.000000
0.930   0.000000   0.000000   0.080327   0.000000   0.000000   0.170909   0.000000   0.000000   0.000000   0.000000   0.000000   0.000000
0.940   0.000000   0.000000   0.082045   0.000000   0.000000   0.172727   0.000000   0.000000   0.000000   0.000000   0.000000   0.000000
0.950   0.000000   0.000000   0.083782   0.000000   0.000000   0.174545   0.000000   0.000000   0.000000   0.000000   0.000000   0.000000
0.960   0.000000   0.000000   0.085536   0.000000   0.000000   0.176363   0.000000   0.000000   0.000000   0.000000   0.000000   0.000000
0.970   0.000000   0.000000   0.087309   0.000000   0.000000   0.178182   0.000000   0.000000   0.000000   0.000000   0.000000   0.000000
0.980   0.000000   0.000000   0.089100   0.000000   0.000000   0.180000   0.000000   0.000000   0.000000   0.000000   0.000000   0.000000
0.990   0.000000   0.000000   0.090909   0.000000   0.000000   0.181818   0.000000   0.000000   0.000000   0.000000   0.000000   0.000000
